,Ile1781.1_Leu_T,Ile1781.1_Leu_C,Ile1781.1_Val_G,Ile1781.2_Thr_C,Trp1999.2_Leu_T,Trp2027.3_Cys_T,Trp2027.3_Cys_C,Ile2041.2_Asn_A,Asp2078.2_Gly_G,wildtype
DE07323_01.h1,0,0,0,0,0,0,0,0,0,1
DE07323_01.h2,0,0,0,0,0,0,0,0,0,1
DE07323_02.h1,0,0,0,0,0,0,0,0,0,1
DE07323_02.h2,0,0,0,0,0,0,0,0,0,1
DE07323_03.h1,0,0,0,0,0,0,0,0,0,1
DE07323_03.h2,0,0,0,0,0,0,0,0,0,1
DE07323_04.h1,0,0,0,0,0,0,0,0,0,1
DE07323_04.h2,0,0,0,0,0,0,0,0,0,1
DE07323_05.h1,0,0,0,0,0,0,0,0,0,1
DE07323_05.h2,0,0,0,0,0,0,0,0,0,1
DE07323_06.h1,0,0,0,0,0,0,0,0,0,1
DE07323_06.h2,0,0,0,0,0,0,0,0,0,1
DE07323_07.h1,0,0,0,0,0,0,0,0,0,1
DE07323_07.h2,0,0,0,0,0,0,0,0,0,1
DE07323_08.h1,0,0,0,0,0,0,0,0,0,1
DE07323_08.h2,0,0,0,0,0,0,0,0,0,1
DE07323_09.h1,0,0,0,0,0,0,0,0,0,1
DE07323_09.h2,0,0,0,0,0,0,0,0,0,1
DE07323_10.h1,0,0,0,0,0,0,0,0,0,1
DE07323_10.h2,0,0,0,0,0,0,0,0,0,1
DE07323_11.h1,0,0,0,0,0,0,0,0,0,1
DE07323_11.h2,0,0,0,0,0,0,0,0,0,1
DE07323_12.h1,0,0,0,0,0,0,0,0,0,1
DE07323_12.h2,0,0,0,0,0,0,0,0,0,1
DE07323_14.h1,0,0,0,0,0,0,0,0,0,1
DE07323_14.h2,0,0,0,0,0,0,0,0,0,1
DE07323_15.h1,0,0,0,0,0,0,0,0,0,1
DE07323_15.h2,0,0,0,0,0,0,0,0,0,1
DE07323_16.h1,0,0,0,0,0,0,0,0,0,1
DE07323_16.h2,0,0,0,0,0,0,0,0,0,1
DE07323_17.h1,0,0,0,0,0,0,0,0,0,1
DE07323_17.h2,0,0,0,0,0,0,0,0,0,1
DE07323_18.h1,0,0,0,0,0,0,0,0,0,1
DE07323_18.h2,0,0,0,0,0,0,0,0,0,1
DE07323_19.h1,0,0,0,0,0,0,0,0,0,1
DE07323_19.h2,0,0,0,0,0,0,0,0,0,1
DE07323_20.h1,0,0,0,0,0,0,0,0,0,1
DE07323_20.h2,0,0,0,0,0,0,0,0,0,1
DE07323_21.h1,0,0,0,0,0,0,0,0,0,1
DE07323_21.h2,0,0,0,0,0,0,0,0,0,1
DE07323_22.h1,0,0,0,0,0,0,0,0,0,1
DE07323_22.h2,0,0,0,0,0,0,0,0,0,1
DE07323_23.h1,0,0,0,0,0,0,0,0,0,1
DE07323_23.h2,0,0,0,0,0,0,0,0,0,1
DE07323_24.h1,0,0,0,0,0,0,0,0,0,1
DE07323_24.h2,0,0,0,0,0,0,0,0,0,1
