,Ile1781.1_Leu_T,Ile1781.1_Leu_C,Ile1781.1_Val_G,Ile1781.2_Thr_C,Trp1999.2_Leu_T,Trp2027.3_Cys_T,Trp2027.3_Cys_C,Ile2041.2_Asn_A,Asp2078.2_Gly_G,wildtype
FR01331_01.h1,0,0,0,0,0,0,0,0,0,1
FR01331_01.h2,0,0,0,0,0,0,0,0,0,1
FR01331_02.h1,0,0,0,0,0,0,0,0,0,1
FR01331_02.h2,0,0,0,0,0,0,0,0,0,1
FR01331_03.h1,0,0,0,0,0,0,0,0,0,1
FR01331_03.h2,0,0,0,0,0,0,0,0,0,1
FR01331_04.h1,0,0,0,0,0,0,0,0,0,1
FR01331_04.h2,0,0,0,0,0,0,0,0,0,1
FR01331_05.h1,0,0,0,0,0,0,0,0,0,1
FR01331_05.h2,0,0,0,0,0,0,0,0,0,1
FR01331_06.h1,0,0,0,0,0,0,0,0,0,1
FR01331_06.h2,0,0,0,0,0,0,0,0,0,1
FR01331_07.h1,0,0,0,0,0,0,0,0,0,1
FR01331_07.h2,0,0,0,0,0,0,0,0,0,1
FR01331_08.h1,0,0,0,0,0,0,0,0,0,1
FR01331_08.h2,0,0,0,0,0,0,0,0,0,1
FR01331_09.h1,0,0,0,0,0,0,0,0,0,1
FR01331_09.h2,0,0,0,0,0,0,0,0,0,1
FR01331_10.h1,0,0,0,0,0,0,0,0,0,1
FR01331_10.h2,0,0,0,0,0,0,0,0,0,1
FR01331_11.h1,0,0,0,0,0,0,0,0,0,1
FR01331_11.h2,0,0,0,0,0,0,0,0,0,1
FR01331_12.h1,0,0,0,0,0,0,0,0,0,1
FR01331_12.h2,0,0,0,0,0,0,0,0,0,1
FR01331_14.h1,0,0,0,0,0,0,0,0,0,1
FR01331_14.h2,0,0,0,0,0,0,0,0,0,1
FR01331_15.h1,0,0,0,0,0,0,0,0,0,1
FR01331_15.h2,0,0,0,0,0,0,0,0,0,1
FR01331_16.h1,0,0,0,0,0,0,0,0,0,1
FR01331_16.h2,0,0,0,0,0,0,0,0,0,1
FR01331_17.h1,0,0,0,0,0,0,0,0,0,1
FR01331_17.h2,0,0,0,0,0,0,0,0,0,1
FR01331_19.h1,0,0,0,0,0,0,0,0,0,1
FR01331_19.h2,0,0,0,0,0,0,0,0,0,1
FR01331_20.h1,0,0,0,0,0,0,0,0,0,1
FR01331_20.h2,0,0,0,0,0,0,0,0,0,1
FR01331_21.h1,0,0,0,0,0,0,0,0,0,1
FR01331_21.h2,0,0,0,0,0,0,0,0,0,1
FR01331_22.h1,0,0,0,0,0,0,0,0,0,1
FR01331_22.h2,0,0,0,0,0,0,0,0,0,1
FR01331_23.h1,0,0,0,0,0,0,0,0,0,1
FR01331_23.h2,0,0,0,0,0,0,0,0,0,1
FR01331_24.h1,0,0,0,0,0,0,0,0,0,1
FR01331_24.h2,0,0,0,0,0,0,0,0,0,1
