,Ile1781.1_Leu_T,Ile1781.1_Leu_C,Ile1781.1_Val_G,Ile1781.2_Thr_C,Trp1999.2_Leu_T,Trp2027.3_Cys_T,Trp2027.3_Cys_C,Ile2041.2_Asn_A,Asp2078.2_Gly_G,wildtype
FR01297_01.h1,0,0,0,0,0,0,0,0,0,1
FR01297_01.h2,0,0,0,0,0,0,0,0,0,1
FR01297_02.h1,0,0,0,0,0,0,0,0,0,1
FR01297_02.h2,0,0,0,0,0,0,0,0,0,1
FR01297_03.h1,0,0,0,0,0,0,0,0,0,1
FR01297_03.h2,0,0,0,0,0,0,0,0,0,1
FR01297_04.h1,0,0,0,0,0,0,0,0,0,1
FR01297_04.h2,0,0,0,0,0,0,0,0,0,1
FR01297_06.h1,0,0,0,0,0,0,0,0,0,1
FR01297_06.h2,0,0,0,0,0,0,0,0,0,1
FR01297_07.h1,0,0,0,0,0,0,0,0,0,1
FR01297_07.h2,0,0,0,0,0,0,0,0,0,1
FR01297_08.h1,0,0,0,0,0,0,0,0,0,1
FR01297_08.h2,0,0,0,0,0,0,0,0,0,1
FR01297_09.h1,0,0,0,0,0,0,0,0,0,1
FR01297_09.h2,0,0,0,0,0,0,0,0,0,1
FR01297_10.h1,0,0,0,0,0,0,0,0,0,1
FR01297_10.h2,0,0,0,0,0,0,0,0,0,1
FR01297_11.h1,0,0,0,0,0,0,0,0,0,1
FR01297_11.h2,0,0,0,0,0,0,0,0,0,1
FR01297_12.h1,0,0,0,0,0,0,0,0,0,1
FR01297_12.h2,0,0,0,0,0,0,0,0,0,1
FR01297_13.h1,0,0,0,0,0,0,0,0,0,1
FR01297_13.h2,0,0,0,0,0,0,0,0,0,1
FR01297_15.h1,0,0,0,0,0,0,0,0,0,1
FR01297_15.h2,0,0,0,0,0,0,0,0,0,1
FR01297_16.h1,0,0,0,0,0,0,0,0,0,1
FR01297_16.h2,0,0,0,0,0,0,0,0,0,1
FR01297_17.h1,0,0,0,0,0,0,0,0,0,1
FR01297_17.h2,0,0,0,0,0,0,0,0,0,1
FR01297_18.h1,0,0,0,0,0,0,0,0,0,1
FR01297_18.h2,0,0,0,0,0,0,0,0,0,1
FR01297_19.h1,0,0,0,0,0,0,0,0,0,1
FR01297_19.h2,0,0,0,0,0,0,0,0,0,1
FR01297_20.h1,0,0,0,0,0,0,0,0,0,1
FR01297_20.h2,0,0,0,0,0,0,0,0,0,1
FR01297_21.h1,0,0,0,0,0,0,0,0,0,1
FR01297_21.h2,0,0,0,0,0,0,0,0,0,1
FR01297_24.h1,0,0,0,0,0,0,0,0,0,1
FR01297_24.h2,0,0,0,0,0,0,0,0,0,1
