,Ile1781.1_Leu_T,Ile1781.1_Leu_C,Ile1781.1_Val_G,Ile1781.2_Thr_C,Trp1999.2_Leu_T,Trp2027.3_Cys_T,Trp2027.3_Cys_C,Ile2041.2_Asn_A,Asp2078.2_Gly_G,wildtype
NL11330_01.h1,0,0,0,0,0,0,0,0,0,1
NL11330_01.h2,0,0,0,0,0,0,0,0,0,1
NL11330_02.h1,0,0,0,0,0,0,0,0,0,1
NL11330_02.h2,0,0,0,0,0,0,0,0,0,1
NL11330_03.h1,0,0,0,0,0,0,0,0,0,1
NL11330_03.h2,0,0,0,0,0,0,0,0,0,1
NL11330_04.h1,0,0,0,0,0,0,0,0,0,1
NL11330_04.h2,1,0,0,0,0,0,0,0,0,0
NL11330_05.h1,0,0,0,0,0,0,0,0,0,1
NL11330_05.h2,0,0,0,0,0,0,0,0,0,1
NL11330_07.h1,0,0,0,0,0,0,0,0,0,1
NL11330_07.h2,0,0,0,0,0,0,0,0,0,1
NL11330_08.h1,0,0,0,0,0,0,0,0,0,1
NL11330_08.h2,0,0,0,0,0,0,0,0,0,1
NL11330_09.h1,0,0,0,0,0,0,0,0,0,1
NL11330_09.h2,0,0,0,0,0,0,0,0,0,1
NL11330_10.h1,0,0,0,0,0,0,0,0,0,1
NL11330_10.h2,0,0,0,0,0,0,0,0,0,1
NL11330_11.h1,0,0,0,0,0,0,0,0,0,1
NL11330_11.h2,0,0,0,0,0,0,0,0,0,1
NL11330_12.h1,0,0,0,0,0,0,0,0,0,1
NL11330_12.h2,0,0,0,0,0,0,0,0,0,1
NL11330_13.h1,1,0,0,0,0,0,0,0,0,0
NL11330_13.h2,0,0,0,0,0,0,0,0,0,1
NL11330_15.h1,0,0,0,0,0,0,0,0,0,1
NL11330_15.h2,0,0,0,0,0,0,0,0,0,1
NL11330_16.h1,1,0,0,0,0,0,0,0,0,0
NL11330_16.h2,0,0,0,0,0,0,0,0,0,1
NL11330_17.h1,0,0,0,0,0,0,0,0,0,1
NL11330_17.h2,1,0,0,0,0,0,0,0,0,0
NL11330_18.h1,0,0,0,0,0,0,0,0,0,1
NL11330_18.h2,0,0,0,0,0,0,0,0,0,1
NL11330_19.h1,0,0,0,0,0,0,0,0,0,1
NL11330_19.h2,0,0,0,0,0,0,0,0,0,1
NL11330_20.h1,0,0,0,0,0,0,0,0,0,1
NL11330_20.h2,0,0,0,0,0,0,0,0,0,1
NL11330_21.h1,0,0,0,0,0,0,0,0,0,1
NL11330_21.h2,0,0,0,0,0,0,0,0,0,1
NL11330_23.h1,0,0,0,0,0,0,0,0,0,1
NL11330_23.h2,0,0,0,0,0,0,0,0,0,1
NL11330_24.h1,0,0,0,0,0,0,0,0,0,1
NL11330_24.h2,0,0,0,0,0,0,0,0,0,1
