,Ile1781.1_Leu_T,Ile1781.1_Leu_C,Ile1781.1_Val_G,Ile1781.2_Thr_C,Trp1999.2_Leu_T,Trp2027.3_Cys_T,Trp2027.3_Cys_C,Ile2041.2_Asn_A,Asp2078.2_Gly_G,wildtype
BE01585_01.h1,0,0,0,0,0,0,0,0,0,1
BE01585_01.h2,0,0,0,0,0,0,0,0,0,1
BE01585_02.h1,0,0,0,0,0,0,0,1,0,0
BE01585_02.h2,0,1,0,0,0,0,0,0,0,0
BE01585_03.h1,0,0,0,1,0,0,0,0,0,0
BE01585_03.h2,0,1,0,0,0,0,0,0,0,0
BE01585_04.h1,0,0,0,0,0,0,0,1,0,0
BE01585_04.h2,0,0,0,0,0,0,0,1,0,0
BE01585_05.h1,0,0,0,1,0,0,0,0,0,0
BE01585_05.h2,0,1,0,0,0,0,0,0,0,0
BE01585_06.h1,0,0,0,0,0,0,0,0,0,1
BE01585_06.h2,0,1,0,0,0,0,0,0,0,0
BE01585_07.h1,0,0,0,0,0,0,0,0,0,1
BE01585_07.h2,0,0,0,1,0,0,0,0,0,0
BE01585_08.h1,0,0,0,0,0,0,0,0,0,1
BE01585_08.h2,0,0,0,1,0,0,0,0,0,0
BE01585_09.h1,0,0,0,1,0,0,0,0,0,0
BE01585_09.h2,0,0,0,0,0,0,0,1,0,0
BE01585_10.h1,0,1,0,0,0,0,0,0,0,0
BE01585_10.h2,0,0,0,0,0,0,0,1,0,0
BE01585_11.h1,0,0,0,0,0,0,0,1,0,0
BE01585_11.h2,0,0,0,0,0,0,0,0,0,1
BE01585_12.h1,0,0,0,0,0,0,0,0,1,0
BE01585_12.h2,0,1,0,0,0,0,0,0,0,0
BE01585_13.h1,0,0,0,0,0,0,0,1,0,0
BE01585_13.h2,0,1,0,0,0,0,0,0,0,0
BE01585_15.h1,0,0,0,0,0,0,0,1,0,0
BE01585_15.h2,0,1,0,0,0,0,0,0,0,0
BE01585_17.h1,0,0,0,0,0,0,0,1,0,0
BE01585_17.h2,0,0,0,0,0,0,0,1,0,0
BE01585_18.h1,0,0,0,0,0,0,0,0,0,1
BE01585_18.h2,0,0,0,0,0,0,0,0,0,1
BE01585_19.h1,0,0,0,0,0,0,0,0,0,1
BE01585_19.h2,0,0,0,0,0,0,0,1,0,0
BE01585_20.h1,0,0,0,0,0,0,0,0,0,1
BE01585_20.h2,0,1,0,0,0,0,0,0,0,0
BE01585_21.h1,0,0,0,0,0,0,0,1,0,0
BE01585_21.h2,0,1,0,0,0,0,0,0,0,0
BE01585_23.h1,0,0,0,0,0,0,0,1,0,0
BE01585_23.h2,0,0,0,0,0,0,0,0,0,1
BE01585_24.h1,0,0,1,0,0,0,0,0,0,0
BE01585_24.h2,0,0,0,0,0,0,0,0,0,1
