,Ile1781.1_Leu_T,Ile1781.1_Leu_C,Ile1781.1_Val_G,Ile1781.2_Thr_C,Trp1999.2_Leu_T,Trp2027.3_Cys_T,Trp2027.3_Cys_C,Ile2041.2_Asn_A,Asp2078.2_Gly_G,wildtype
PL01742_01.h1,0,0,0,0,0,0,0,0,0,1
PL01742_01.h2,0,0,0,0,0,0,0,0,0,1
PL01742_02.h1,0,0,0,0,0,0,0,0,0,1
PL01742_02.h2,0,0,0,0,0,0,0,0,0,1
PL01742_03.h1,0,0,0,0,0,0,0,0,0,1
PL01742_03.h2,0,0,0,0,0,0,0,0,0,1
PL01742_05.h1,0,0,0,0,0,0,0,0,0,1
PL01742_05.h2,0,0,0,0,0,0,0,0,0,1
PL01742_06.h1,0,0,0,0,0,0,0,0,0,1
PL01742_06.h2,0,0,0,0,0,0,0,0,0,1
PL01742_07.h1,0,0,0,0,0,0,0,0,0,1
PL01742_07.h2,0,0,0,0,0,0,0,0,0,1
PL01742_08.h1,0,0,0,0,0,0,0,0,0,1
PL01742_08.h2,0,0,0,0,0,0,0,0,0,1
PL01742_09.h1,0,0,0,0,0,0,0,0,0,1
PL01742_09.h2,0,0,0,0,0,0,0,0,0,1
PL01742_10.h1,0,0,0,0,0,0,0,0,0,1
PL01742_10.h2,0,0,0,0,0,0,0,0,0,1
PL01742_11.h1,0,0,0,0,0,0,0,0,0,1
PL01742_11.h2,0,0,0,0,0,0,0,0,0,1
PL01742_12.h1,0,0,0,0,0,0,0,0,0,1
PL01742_12.h2,0,0,0,0,0,0,0,0,0,1
PL01742_13.h1,0,0,0,0,0,0,0,0,0,1
PL01742_13.h2,0,0,0,0,0,0,0,0,0,1
PL01742_14.h1,0,0,0,0,0,0,0,0,0,1
PL01742_14.h2,0,0,0,0,0,0,0,0,0,1
PL01742_15.h1,0,0,0,0,0,0,0,0,0,1
PL01742_15.h2,0,0,0,0,0,0,0,0,0,1
PL01742_16.h1,0,0,0,0,0,0,0,0,0,1
PL01742_16.h2,0,0,0,0,0,0,0,0,0,1
PL01742_17.h1,0,0,0,0,0,0,0,0,0,1
PL01742_17.h2,0,0,0,0,0,0,0,0,0,1
PL01742_18.h1,0,0,0,0,0,0,0,0,0,1
PL01742_18.h2,0,0,0,0,0,0,0,0,0,1
PL01742_19.h1,0,0,0,0,0,0,0,0,0,1
PL01742_19.h2,0,0,0,0,0,0,0,0,0,1
PL01742_20.h1,0,0,0,0,0,0,0,0,0,1
PL01742_20.h2,0,0,0,0,0,0,0,0,0,1
PL01742_21.h1,0,0,0,0,0,0,0,0,0,1
PL01742_21.h2,0,0,0,0,0,0,0,0,0,1
PL01742_22.h1,0,0,0,0,0,0,0,0,0,1
PL01742_22.h2,0,0,0,0,0,0,0,0,0,1
PL01742_24.h1,0,0,0,0,0,0,0,0,0,1
PL01742_24.h2,0,0,0,0,0,0,0,0,0,1
