,Pro197.1_Thr_A,Pro197.1_Ala_G,Pro197.1_Ser_T,Trp574.2_Leu_T,wildtype
BE01705_02.h1,0,0,0,0,1
BE01705_02.h2,0,0,0,0,1
BE01705_03.h1,0,0,0,0,1
BE01705_03.h2,0,0,0,0,1
BE01705_05.h1,0,0,0,0,1
BE01705_05.h2,0,0,0,0,1
BE01705_07.h1,0,0,0,0,1
BE01705_07.h2,0,0,0,0,1
BE01705_08.h1,0,0,0,0,1
BE01705_08.h2,0,0,0,0,1
BE01705_09.h1,0,0,0,0,1
BE01705_09.h2,0,0,0,0,1
BE01705_10.h1,0,0,0,0,1
BE01705_10.h2,0,0,0,0,1
BE01705_11.h1,0,0,0,0,1
BE01705_11.h2,0,0,0,0,1
BE01705_12.h1,0,0,0,0,1
BE01705_12.h2,0,0,0,0,1
BE01705_13.h1,0,0,0,0,1
BE01705_13.h2,0,0,0,0,1
BE01705_16.h1,0,0,0,0,1
BE01705_16.h2,0,0,0,0,1
BE01705_17.h1,0,0,0,0,1
BE01705_17.h2,0,0,0,0,1
BE01705_18.h1,0,0,0,0,1
BE01705_18.h2,0,0,0,0,1
BE01705_19.h1,0,0,0,0,1
BE01705_19.h2,0,0,0,0,1
BE01705_20.h1,0,0,0,0,1
BE01705_20.h2,0,0,0,0,1
BE01705_21.h1,0,0,0,0,1
BE01705_21.h2,0,0,0,0,1
BE01705_22.h1,0,0,0,0,1
BE01705_22.h2,0,0,0,0,1
BE01705_23.h1,0,0,0,0,1
BE01705_23.h2,0,0,0,0,1
BE01705_24.h1,0,0,0,0,1
BE01705_24.h2,0,0,0,0,1
