,Pro197.1_Thr_A,Pro197.1_Ala_G,Pro197.1_Ser_T,Trp574.2_Leu_T,wildtype
BE01585_01.h1,0,0,0,0,1
BE01585_01.h2,0,0,0,0,1
BE01585_02.h1,0,0,0,0,1
BE01585_02.h2,0,0,0,0,1
BE01585_03.h1,0,0,0,0,1
BE01585_03.h2,0,0,0,0,1
BE01585_04.h1,0,0,0,0,1
BE01585_04.h2,0,0,0,0,1
BE01585_05.h1,0,0,0,0,1
BE01585_05.h2,0,0,0,0,1
BE01585_06.h1,0,0,0,0,1
BE01585_06.h2,0,0,0,0,1
BE01585_07.h1,0,0,0,0,1
BE01585_07.h2,0,0,0,0,1
BE01585_08.h1,0,0,0,0,1
BE01585_08.h2,0,0,0,0,1
BE01585_09.h1,0,0,0,0,1
BE01585_09.h2,0,0,0,0,1
BE01585_10.h1,0,0,0,0,1
BE01585_10.h2,0,0,0,0,1
BE01585_11.h1,0,0,0,0,1
BE01585_11.h2,0,0,0,0,1
BE01585_12.h1,0,0,0,0,1
BE01585_12.h2,0,0,0,0,1
BE01585_13.h1,0,0,0,0,1
BE01585_13.h2,0,0,0,0,1
BE01585_14.h1,0,0,0,0,1
BE01585_14.h2,0,0,0,0,1
BE01585_15.h1,0,0,0,0,1
BE01585_15.h2,0,0,0,0,1
BE01585_16.h1,0,0,0,0,1
BE01585_16.h2,0,0,0,0,1
BE01585_17.h1,0,0,0,0,1
BE01585_17.h2,0,0,0,0,1
BE01585_19.h1,0,0,0,0,1
BE01585_19.h2,0,0,0,0,1
BE01585_20.h1,0,0,0,0,1
BE01585_20.h2,0,0,0,0,1
BE01585_21.h1,0,0,0,0,1
BE01585_21.h2,0,0,0,0,1
BE01585_22.h1,0,0,0,0,1
BE01585_22.h2,0,0,0,0,1
BE01585_23.h1,0,0,0,0,1
BE01585_23.h2,0,0,0,0,1
BE01585_24.h1,0,0,0,0,1
BE01585_24.h2,0,0,0,0,1
