,Pro197.1_Thr_A,Pro197.1_Ala_G,Pro197.1_Ser_T,Trp574.2_Leu_T,wildtype
CH05961_03.h1,0,0,0,0,1
CH05961_03.h2,0,0,0,0,1
CH05961_04.h1,0,0,0,0,1
CH05961_04.h2,0,0,0,0,1
CH05961_05.h1,0,0,0,0,1
CH05961_05.h2,0,0,0,0,1
CH05961_06.h1,0,0,0,0,1
CH05961_06.h2,0,0,0,0,1
CH05961_07.h1,0,0,0,0,1
CH05961_07.h2,0,0,0,0,1
CH05961_08.h1,0,0,0,0,1
CH05961_08.h2,0,0,0,0,1
CH05961_09.h1,0,0,0,0,1
CH05961_09.h2,0,0,0,0,1
CH05961_10.h1,0,0,0,0,1
CH05961_10.h2,0,0,0,0,1
CH05961_11.h1,0,0,0,0,1
CH05961_11.h2,0,0,0,0,1
CH05961_12.h1,0,0,0,0,1
CH05961_12.h2,0,0,0,0,1
CH05961_13.h1,0,0,0,0,1
CH05961_13.h2,0,0,0,0,1
CH05961_18.h1,0,0,0,0,1
CH05961_18.h2,0,0,0,0,1
CH05961_19.h1,0,0,0,0,1
CH05961_19.h2,0,0,0,0,1
CH05961_20.h1,0,0,0,0,1
CH05961_20.h2,0,0,0,0,1
CH05961_21.h1,0,0,0,0,1
CH05961_21.h2,0,0,0,0,1
CH05961_24.h1,0,0,0,0,1
CH05961_24.h2,0,0,0,0,1
