,Pro197.1_Thr_A,Pro197.1_Ala_G,Pro197.1_Ser_T,Trp574.2_Leu_T,wildtype
FR01297_02.h1,0,0,0,0,1
FR01297_02.h2,0,0,0,0,1
FR01297_04.h1,0,0,0,0,1
FR01297_04.h2,0,0,0,0,1
FR01297_05.h1,0,0,0,0,1
FR01297_05.h2,0,0,0,0,1
FR01297_06.h1,0,0,0,0,1
FR01297_06.h2,0,0,0,0,1
FR01297_07.h1,0,0,0,0,1
FR01297_07.h2,0,0,0,0,1
FR01297_08.h1,0,0,0,0,1
FR01297_08.h2,0,0,0,0,1
FR01297_09.h1,0,0,0,0,1
FR01297_09.h2,0,0,0,0,1
FR01297_11.h1,0,0,0,0,1
FR01297_11.h2,0,0,0,0,1
FR01297_12.h1,0,0,0,0,1
FR01297_12.h2,0,0,0,0,1
FR01297_13.h1,0,0,0,0,1
FR01297_13.h2,0,0,0,0,1
FR01297_14.h1,0,0,0,0,1
FR01297_14.h2,0,0,0,0,1
FR01297_15.h1,0,0,0,0,1
FR01297_15.h2,0,0,0,0,1
FR01297_17.h1,0,0,0,0,1
FR01297_17.h2,0,0,0,0,1
FR01297_18.h1,0,0,0,0,1
FR01297_18.h2,0,0,0,0,1
FR01297_19.h1,0,0,0,0,1
FR01297_19.h2,0,0,0,0,1
FR01297_20.h1,0,0,0,0,1
FR01297_20.h2,0,0,0,0,1
FR01297_21.h1,0,0,0,0,1
FR01297_21.h2,0,0,0,0,1
