,Pro197.1_Thr_A,Pro197.1_Ala_G,Pro197.1_Ser_T,Trp574.2_Leu_T,wildtype
LX06513_01.h1,0,0,0,0,1
LX06513_01.h2,0,0,0,0,1
LX06513_04.h1,0,0,0,0,1
LX06513_04.h2,0,0,0,0,1
LX06513_07.h1,0,0,0,0,1
LX06513_07.h2,0,0,0,0,1
LX06513_08.h1,0,0,0,0,1
LX06513_08.h2,0,0,0,0,1
LX06513_09.h1,0,0,0,0,1
LX06513_09.h2,0,0,0,0,1
LX06513_10.h1,0,0,0,0,1
LX06513_10.h2,0,0,0,0,1
LX06513_11.h1,0,0,0,0,1
LX06513_11.h2,0,0,0,0,1
LX06513_13.h1,0,0,0,0,1
LX06513_13.h2,0,0,0,0,1
LX06513_14.h1,0,0,0,0,1
LX06513_14.h2,0,0,0,0,1
LX06513_16.h1,0,0,0,0,1
LX06513_16.h2,0,0,0,0,1
LX06513_17.h1,0,0,0,0,1
LX06513_17.h2,0,0,0,0,1
LX06513_18.h1,0,0,0,0,1
LX06513_18.h2,0,0,0,0,1
LX06513_20.h1,0,0,0,0,1
LX06513_20.h2,0,0,0,0,1
LX06513_22.h1,0,0,0,0,1
LX06513_22.h2,0,0,0,0,1
LX06513_24.h1,0,0,0,0,1
LX06513_24.h2,0,0,0,0,1
