,Pro197.1_Thr_A,Pro197.1_Ala_G,Pro197.1_Ser_T,Trp574.2_Leu_T,wildtype
NL01505_01.h1,0,0,0,0,1
NL01505_01.h2,0,0,0,0,1
NL01505_03.h1,0,0,0,0,1
NL01505_03.h2,0,0,0,0,1
NL01505_04.h1,0,0,0,0,1
NL01505_04.h2,0,0,0,0,1
NL01505_07.h1,0,0,0,0,1
NL01505_07.h2,0,0,0,0,1
NL01505_08.h1,0,0,0,0,1
NL01505_08.h2,0,0,0,0,1
NL01505_10.h1,0,0,0,0,1
NL01505_10.h2,0,0,0,0,1
NL01505_15.h1,0,0,0,0,1
NL01505_15.h2,0,0,0,0,1
NL01505_17.h1,0,0,0,0,1
NL01505_17.h2,0,0,0,0,1
NL01505_19.h1,0,0,0,0,1
NL01505_19.h2,0,0,0,0,1
NL01505_20.h1,0,0,0,0,1
NL01505_20.h2,0,0,0,0,1
NL01505_22.h1,0,0,0,0,1
NL01505_22.h2,0,0,0,0,1
