,Pro197.1_Thr_A,Pro197.1_Ala_G,Pro197.1_Ser_T,Trp574.2_Leu_T,wildtype
NL11330_01.h1,0,0,0,0,1
NL11330_01.h2,0,0,0,0,1
NL11330_03.h1,0,0,0,0,1
NL11330_03.h2,0,0,0,0,1
NL11330_06.h1,0,0,0,0,1
NL11330_06.h2,0,0,0,0,1
NL11330_07.h1,0,0,0,0,1
NL11330_07.h2,0,0,0,0,1
NL11330_08.h1,0,0,0,0,1
NL11330_08.h2,0,0,0,0,1
NL11330_15.h1,0,0,0,0,1
NL11330_15.h2,0,0,0,0,1
NL11330_16.h1,0,0,0,0,1
NL11330_16.h2,0,0,0,0,1
NL11330_18.h1,0,0,0,0,1
NL11330_18.h2,0,0,0,0,1
NL11330_19.h1,0,0,0,0,1
NL11330_19.h2,0,0,0,0,1
NL11330_20.h1,0,0,0,0,1
NL11330_20.h2,0,0,0,0,1
NL11330_21.h1,0,0,0,0,1
NL11330_21.h2,0,0,0,0,1
NL11330_22.h1,0,0,0,0,1
NL11330_22.h2,0,0,0,0,1
NL11330_23.h1,0,0,0,0,1
NL11330_23.h2,0,0,0,0,1
NL11330_24.h1,0,0,0,0,1
NL11330_24.h2,0,0,0,0,1
