,Pro197.1_Thr_A,Pro197.1_Ala_G,Pro197.1_Ser_T,Trp574.2_Leu_T,wildtype
UK03208_01.h1,0,0,0,0,1
UK03208_01.h2,0,0,0,0,1
UK03208_02.h1,0,0,0,0,1
UK03208_02.h2,0,0,0,0,1
UK03208_03.h1,0,0,0,0,1
UK03208_03.h2,0,0,0,0,1
UK03208_04.h1,0,0,0,0,1
UK03208_04.h2,0,0,0,0,1
UK03208_06.h1,0,0,0,0,1
UK03208_06.h2,0,0,0,0,1
UK03208_07.h1,0,0,0,0,1
UK03208_07.h2,0,0,0,0,1
UK03208_08.h1,0,0,0,0,1
UK03208_08.h2,0,0,0,0,1
UK03208_09.h1,0,0,0,0,1
UK03208_09.h2,0,0,0,0,1
UK03208_10.h1,0,0,0,0,1
UK03208_10.h2,0,0,0,0,1
UK03208_11.h1,0,0,0,0,1
UK03208_11.h2,0,0,0,0,1
UK03208_12.h1,0,0,0,0,1
UK03208_12.h2,0,0,0,0,1
UK03208_14.h1,0,0,0,0,1
UK03208_14.h2,0,0,0,0,1
UK03208_15.h1,0,0,0,0,1
UK03208_15.h2,0,0,0,0,1
UK03208_16.h1,0,0,0,0,1
UK03208_16.h2,0,0,0,0,1
UK03208_18.h1,0,0,0,0,1
UK03208_18.h2,0,0,0,0,1
UK03208_19.h1,0,0,0,0,1
UK03208_19.h2,0,0,0,0,1
UK03208_20.h1,0,0,0,0,1
UK03208_20.h2,0,0,0,0,1
UK03208_21.h1,0,0,0,0,1
UK03208_21.h2,0,0,0,0,1
UK03208_22.h1,0,0,0,0,1
UK03208_22.h2,0,0,0,0,1
UK03208_23.h1,0,0,0,0,1
UK03208_23.h2,0,0,0,0,1
UK03208_24.h1,0,0,0,0,1
UK03208_24.h2,0,0,0,0,1
