,Pro197.1_Thr_A,Pro197.1_Ala_G,Pro197.1_Ser_T,Trp574.2_Leu_T,wildtype
AT07260_01.h1,0,0,0,0,1
AT07260_01.h2,0,0,0,0,1
AT07260_02.h1,0,0,0,0,1
AT07260_02.h2,0,0,0,0,1
AT07260_03.h1,0,0,0,0,1
AT07260_03.h2,0,0,0,0,1
AT07260_04.h1,0,0,0,0,1
AT07260_04.h2,0,0,0,0,1
AT07260_05.h1,0,0,0,0,1
AT07260_05.h2,0,0,0,0,1
AT07260_07.h1,0,0,0,0,1
AT07260_07.h2,0,0,0,0,1
AT07260_08.h1,0,0,0,0,1
AT07260_08.h2,0,0,0,0,1
AT07260_09.h1,0,0,0,0,1
AT07260_09.h2,0,0,0,0,1
AT07260_10.h1,0,0,0,0,1
AT07260_10.h2,0,0,0,0,1
AT07260_12.h1,0,0,0,0,1
AT07260_12.h2,0,0,0,0,1
AT07260_13.h1,0,0,0,0,1
AT07260_13.h2,0,0,0,0,1
AT07260_14.h1,0,0,0,0,1
AT07260_14.h2,0,0,0,0,1
AT07260_16.h1,0,0,0,0,1
AT07260_16.h2,0,0,0,0,1
AT07260_17.h1,0,0,0,0,1
AT07260_17.h2,0,0,0,0,1
AT07260_19.h1,0,0,0,0,1
AT07260_19.h2,0,0,0,0,1
AT07260_20.h1,0,0,0,0,1
AT07260_20.h2,0,0,0,0,1
AT07260_21.h1,0,0,0,0,1
AT07260_21.h2,0,0,0,0,1
AT07260_22.h1,0,0,0,0,1
AT07260_22.h2,0,0,0,0,1
AT07260_23.h1,0,0,0,0,1
AT07260_23.h2,0,0,0,0,1
AT07260_24.h1,0,0,0,0,1
AT07260_24.h2,0,0,0,0,1
