,Pro197.1_Thr_A,Pro197.1_Ala_G,Pro197.1_Ser_T,Trp574.2_Leu_T,wildtype
DE01087_03.h1,0,0,0,0,1
DE01087_03.h2,0,0,0,0,1
DE01087_04.h1,0,0,0,0,1
DE01087_04.h2,0,0,0,0,1
DE01087_05.h1,0,0,0,0,1
DE01087_05.h2,0,0,0,0,1
DE01087_07.h1,0,0,0,0,1
DE01087_07.h2,0,0,0,0,1
DE01087_08.h1,0,0,0,0,1
DE01087_08.h2,0,0,0,0,1
DE01087_10.h1,0,0,0,0,1
DE01087_10.h2,0,0,0,0,1
DE01087_12.h1,0,0,0,0,1
DE01087_12.h2,0,0,0,0,1
DE01087_13.h1,0,0,0,0,1
DE01087_13.h2,0,0,0,0,1
DE01087_16.h1,0,0,0,0,1
DE01087_16.h2,0,0,0,0,1
DE01087_17.h1,0,0,0,0,1
DE01087_17.h2,0,0,0,0,1
DE01087_18.h1,0,0,0,0,1
DE01087_18.h2,0,0,0,0,1
DE01087_19.h1,0,0,0,0,1
DE01087_19.h2,0,0,0,0,1
DE01087_21.h1,0,0,0,0,1
DE01087_21.h2,0,0,0,0,1
DE01087_22.h1,0,0,0,0,1
DE01087_22.h2,0,0,0,0,1
DE01087_23.h1,0,0,0,0,1
DE01087_23.h2,0,0,0,0,1
