,Pro197.1_Thr_A,Pro197.1_Ala_G,Pro197.1_Ser_T,Trp574.2_Leu_T,wildtype
DE01712_01.h1,0,0,0,0,1
DE01712_01.h2,0,0,0,0,1
DE01712_02.h1,0,0,0,0,1
DE01712_02.h2,0,0,0,0,1
DE01712_03.h1,0,0,0,0,1
DE01712_03.h2,0,0,0,0,1
DE01712_04.h1,0,0,0,0,1
DE01712_04.h2,0,0,0,0,1
DE01712_05.h1,0,0,0,0,1
DE01712_05.h2,0,0,0,0,1
DE01712_06.h1,0,0,0,0,1
DE01712_06.h2,0,0,0,0,1
DE01712_07.h1,0,0,0,0,1
DE01712_07.h2,0,0,0,0,1
DE01712_08.h1,0,0,0,0,1
DE01712_08.h2,0,0,0,0,1
DE01712_14.h1,0,0,0,0,1
DE01712_14.h2,0,0,0,0,1
DE01712_15.h1,0,0,0,0,1
DE01712_15.h2,0,0,0,0,1
DE01712_16.h1,0,0,0,0,1
DE01712_16.h2,0,0,0,0,1
DE01712_19.h1,0,0,0,0,1
DE01712_19.h2,0,0,0,0,1
DE01712_21.h1,0,0,0,0,1
DE01712_21.h2,0,0,0,0,1
DE01712_22.h1,0,0,0,0,1
DE01712_22.h2,0,0,0,0,1
DE01712_24.h1,0,0,0,0,1
DE01712_24.h2,0,0,0,0,1
