,Pro197.1_Thr_A,Pro197.1_Ala_G,Pro197.1_Ser_T,Trp574.2_Leu_T,wildtype
PL01515_01.h1,0,1,0,0,0
PL01515_01.h2,0,0,0,0,1
PL01515_03.h1,1,0,0,0,0
PL01515_03.h2,1,0,0,0,0
PL01515_05.h1,1,0,0,0,0
PL01515_05.h2,0,0,0,0,1
PL01515_07.h1,1,0,0,0,0
PL01515_07.h2,0,0,0,0,1
PL01515_09.h1,1,0,0,0,0
PL01515_09.h2,0,1,0,0,0
PL01515_10.h1,0,0,0,0,1
PL01515_10.h2,0,0,0,0,1
PL01515_11.h1,0,1,0,0,0
PL01515_11.h2,0,1,0,0,0
PL01515_13.h1,0,0,0,0,1
PL01515_13.h2,0,0,0,0,1
PL01515_14.h1,0,1,0,0,0
PL01515_14.h2,0,0,0,0,1
PL01515_15.h1,1,0,0,0,0
PL01515_15.h2,0,1,0,0,0
PL01515_16.h1,0,1,0,0,0
PL01515_16.h2,0,1,0,0,0
PL01515_17.h1,1,0,0,0,0
PL01515_17.h2,1,0,0,0,0
PL01515_18.h1,1,0,0,0,0
PL01515_18.h2,0,1,0,0,0
PL01515_19.h1,0,0,0,0,1
PL01515_19.h2,0,1,0,0,0
PL01515_20.h1,0,0,0,0,1
PL01515_20.h2,0,0,0,0,1
PL01515_21.h1,0,0,0,0,1
PL01515_21.h2,0,1,0,0,0
PL01515_22.h1,0,0,0,0,1
PL01515_22.h2,0,0,0,0,1
PL01515_23.h1,0,0,0,0,1
PL01515_23.h2,0,0,0,0,1
PL01515_24.h1,1,0,0,0,0
PL01515_24.h2,0,0,0,0,1
