,Pro197.1_Thr_A,Pro197.1_Ala_G,Pro197.1_Ser_T,Trp574.2_Leu_T,wildtype
UK01413_02.h1,0,0,0,0,1
UK01413_02.h2,0,0,0,0,1
UK01413_03.h1,0,0,0,0,1
UK01413_03.h2,0,0,0,0,1
UK01413_04.h1,0,0,0,0,1
UK01413_04.h2,0,0,0,0,1
UK01413_07.h1,0,0,0,0,1
UK01413_07.h2,0,0,0,0,1
UK01413_08.h1,0,0,0,0,1
UK01413_08.h2,0,0,0,0,1
UK01413_09.h1,0,0,0,0,1
UK01413_09.h2,0,0,0,0,1
UK01413_10.h1,0,0,0,0,1
UK01413_10.h2,0,0,0,0,1
UK01413_11.h1,0,0,0,0,1
UK01413_11.h2,0,0,0,0,1
UK01413_13.h1,0,0,0,0,1
UK01413_13.h2,0,0,0,0,1
UK01413_14.h1,0,0,0,0,1
UK01413_14.h2,0,0,0,0,1
UK01413_16.h1,0,0,0,0,1
UK01413_16.h2,0,0,0,0,1
UK01413_18.h1,0,0,0,0,1
UK01413_18.h2,0,0,0,0,1
UK01413_21.h1,0,0,0,0,1
UK01413_21.h2,0,0,0,0,1
UK01413_22.h1,0,0,0,0,1
UK01413_22.h2,0,0,0,0,1
UK01413_23.h1,0,0,0,0,1
UK01413_23.h2,0,0,0,0,1
UK01413_24.h1,0,0,0,0,1
UK01413_24.h2,0,0,0,0,1
